46,35
25,4
25,3
3,2
3,1
3,3
10,110
10,203
10,103
10,131
10,119
10,139
10,2
10,3
11,24
11,22
11,17
11,20
11,14
11,21
11,2
11,3
9,7
9,1
9,5
9,2
9,3
8,4
8,5
8,11
8,9
8,2
8,3
12,2
12,1
12,3
20,2
20,1
20,3
19,2
19,1
44,7
44,6
44,5
44,4
44,3
44,2
44,1
44,0
42,7
42,6
42,5
42,4
42,3
42,2
42,1
42,0
19,3
41,8
41,7
41,6
41,5
41,4
41,3
41,2
41,1
41,0
40,4
40,3
40,2
40,1
40,0
39,4
39,3
39,2
39,1
39,0
38,5
38,4
38,3
38,2
38,1
38,0
37,5
37,4
37,3
37,2
37,1
37,0
35,7
35,6
35,5
35,3
35,1
34,5
34,4
34,3
34,1
33,30
33,29
33,28
33,27
33,26
33,25
33,24
33,23
33,22
33,21
33,20
33,19
33,18
33,17
33,16
33,15
33,14
33,13
33,9
33,8
33,7
33,6
33,5
33,4
33,3
